0 0 0 00000000 00c00513 00000000 00000004
0 0 0 00000000 00c000ef 00000004 00000008
0 0 0 00000000 00a02023 00000008 0000000c
0 0 0 00000000 0000007f 0000000c 00000010
0 0 0 0000000f ff810113 00000010 00000014
0 0 0 0000000f 00112223 00000014 00000018
0 0 0 0000000f 00a12023 00000018 0000001c
0 0 0 0000000f fff50513 0000001c 00000020
0 0 0 0000000f 00051863 00000020 00000024
0 0 0 0000000f 00100513 00000024 00000028
0 0 0 00000000 00810113 00000028 0000002c
0 0 0 00000000 00008067 0000002c 00000030
0 0 0 00000000 fe1ff0ef 00000030 00000034
0 0 0 00000000 00050293 00000034 00000038
0 0 0 00000000 00012503 00000038 0000003c
0 0 0 00000000 00412083 0000003c 00000040
0 0 0 00000000 00810113 00000040 00000044
0 0 0 00000000 02550533 00000044 00000048
0 0 0 00000000 00008067 00000048 0000004c
0 1 0 00000000 00000000 0000004c 00000050
0 1 0 00000000 00000000 0000004c 00000050
0 1 0 00000000 00000000 0000004c 00000050
0 0 1 00000000 00000013 00000050 00000054
0 0 1 00000000 00000013 00000054 00000058
1 0 0 00000014 00000000 00000058 00000014
0 0 0 00000000 00112223 00000014 00000018